initial_pose_x: -1.958735251954366
initial_pose_y: -0.3942908012806371
initial_pose_yaw: -0.01329004027591131
initial_pose_z: 0.0
