initial_pose_x: 0.6034082171775654
initial_pose_y: 1.9217396938761437
initial_pose_yaw: 2.872617851273765
initial_pose_z: 0.0
