initial_pose_x: 1.541071771334168
initial_pose_y: -0.5184667962947075
initial_pose_yaw: 0.6986972539510794
initial_pose_z: 0.0
