initial_pose_x: -1.9603913314974704
initial_pose_y: 0.6366695483847958
initial_pose_yaw: 1.022787667764037
initial_pose_z: 0.0
