initial_pose_x: -1.2012296579441346
initial_pose_y: 0.596636656131113
initial_pose_yaw: 0.22976754247115178
initial_pose_z: 0.0
