initial_pose_x: -2.045166435370776
initial_pose_y: -0.1736243232081608
initial_pose_yaw: -1.6904354484636626
initial_pose_z: 0.0
