initial_pose_x: -1.9978253010132563
initial_pose_y: -0.5025595314576851
initial_pose_yaw: 0.8952255155560944
initial_pose_z: 0.0
